(DEVICE FILE: 8-323-050W_8-323-050W_8-323-050)

PACKAGE '8-323-050W'
CLASS IC
PINCOUNT 56

PINORDER '8-323-050W_8-323-050W_8-323-050' 1 10 11 12 13 14 15 16 17 18 19 2 20 21 22 23 24 25 26 27,
      28 29 3 30 31 32 33 34 35 36 37 38 39 4 40 41 42 43 44 45 46 47 48 49 5 50 6 7 8 9 PAD1 PAD2,
      SHELL1 SHELL2 SHELL3 SHELL4
FUNCTION G1 '8-323-050W_8-323-050W_8-323-050' 1 10 11 12 13 14 15 16 17 18 19 2 20 21 22 23 24 25 26,
      27 28 29 3 30 31 32 33 34 35 36 37 38 39 4 40 41 42 43 44 45 46 47 48 49 5 50 6 7 8 9 55 56 51,
      52 53 54

PACKAGEPROP PART_NAME '8-323-050W'
PACKAGEPROP VALUE '8-323-050W'

END
